Задача классификации

accuracy_train = 0.9833376057421174 
precision_train = 0.903107861060329 
recall_train = 0.9762845849802372
f1_train = 0.9382716049382717


accuracy_test = 0.9521817095038853 
precision_test = 0.7747440273037542 
recall_test = 0.941908713692946
f1_test = 0.850187265917603

